lab4_0.py: 0.8168220520019531 (seconds*1000)
lab4_1.py: 5.634069442749023 (seconds*1000)
lab4_2.py: 0.9191036224365234 (seconds*1000)
