lab4_0.py: 2.4619102478027344 (seconds*1000)
lab4_1.py: 7.831096649169922 (seconds*1000)
lab4_2.py: 2.190113067626953 (seconds*1000)
